S1585 44.64501 -93.29594
 44.64659 -93.29569
S1586 44.6534 -93.29447
S1587 44.65369 -93.29442
S1588 44.66636 -93.29389
 44.67717 -93.29353
 44.68052 -93.2933
S1589 44.68251 -93.29318
S1094 44.68278 -93.29315
 44.6842 -93.29308
 44.69472 -93.28982
S1095 44.69835 -93.28778
 44.69973 -93.287
 44.71498 -93.28319
S1096 44.71644 -93.28269
 44.7184 -93.28207
 44.72695 -93.2823
S910 44.72996 -93.28285
S1591 45.2317 -93.02812
S1505 45.23404 -93.02809
S1506 45.24119 -93.02798
 45.24913 -93.0251
S1507 45.25034 -93.02447
 45.25275 -93.02317
S1508 45.2605 -93.01421
S1509 45.26852 -93.00872
 45.27841 -93.00356
S1510 45.2796 -93.0032
 45.28121 -93.00315
 45.28676 -93.00291
S1511 45.28773 -93.00283
S1512 45.30405 -93.00265
S1513 45.32488 -93.00323
 45.33447 -93.00443
S1514 45.33666 -93.00444
S1520 45.33666 -93.00482
 45.33417 -93.00482
S1521 45.32399 -93.00357
S1522 45.30381 -93.00296
S1523 45.28854 -93.00319
 45.28551 -93.00328
 45.28104 -93.00347
S1524 45.27951 -93.00363
 45.27771 -93.00427
S1525 45.26859 -93.00913
S1526 45.26145 -93.01328
 45.25348 -93.02323
S1527 45.24992 -93.02505
 45.24825 -93.02591
S1528 45.24047 -93.02849
S1529 45.23051 -93.02885
S916 44.72992 -93.28301
 44.72686 -93.28245
 44.71828 -93.28246
S1097 44.71652 -93.28306
 44.71512 -93.28353
 44.69975 -93.28732
S1578 44.69838 -93.28814
 44.69679 -93.28908
 44.68382 -93.29343
S1579 44.68192 -93.29355
S1580 44.68164 -93.29358
 44.67948 -93.29373
S1581 44.66625 -93.2943
S1582 44.65392 -93.29473
S1583 44.65368 -93.29477
 44.6467 -93.29601
S1584 44.64498 -93.29629
S870 44.73862 -93.28267
 44.74109 -93.28071
S871 44.74554 -93.27374
 44.74623 -93.27265
S872 44.75311 -93.26185
 44.75685 -93.25318
S873 44.75754 -93.25151
S874 44.76091 -93.24488
 44.76192 -93.24327
S875 44.76595 -93.23678
 44.77297 -93.22562
S876 44.77579 -93.2211
S877 44.77996 -93.21443
 44.78414 -93.2083
S878 44.78509 -93.20706
 44.7871 -93.20461
S879 44.79144 -93.20033
 44.79387 -93.19844
S880 44.7973 -93.19583
 44.80063 -93.19329
S881 44.80372 -93.19091
 44.80888 -93.18687
S882 44.8101 -93.18552
S883 44.8123 -93.18054
S884 44.82294 -93.17256
 44.82553 -93.17154
S885 44.82907 -93.16825
 44.83323 -93.1638
S886 44.83472 -93.16272
 44.83687 -93.16111
 44.83911 -93.15945
S887 44.84134 -93.15781
 44.84413 -93.15572
S825 44.84846 -93.15249
 44.85183 -93.14993
 44.85533 -93.14734
S826 44.86076 -93.14543
S826 44.86076 -93.14543
 44.87186 -93.14408
S827 44.87402 -93.14343
S828 44.88141 -93.1402
 44.88514 -93.13676
 44.88712 -93.13347
S829 44.88866 -93.13195
S830 44.89518 -93.13128
 44.89812 -93.13338
S831 44.89971 -93.13464
 44.90113 -93.13586
 44.90924 -93.14292
S832 44.90956 -93.1431
 44.91371 -93.14416
S833 44.91509 -93.14421
 44.91529 -93.14423
 44.92389 -93.14483
S834 44.92558 -93.14489
 44.92658 -93.1448
S835 44.92946 -93.14293
 44.93014 -93.14189
S836 44.93144 -93.13367
 44.93144 -93.13294
S837 44.93497 -93.12549
 44.93596 -93.12397
 44.93975 -93.11587
S838 44.93991 -93.11547
 44.94491 -93.10691
S839 44.9459 -93.10546
 44.94841 -93.10249
 44.94914 -93.1021
S619 44.94958 -93.10179
S619 44.94958 -93.10179
 44.95129 -93.09844
 44.95342 -93.09397
S620 44.95385 -93.09311
 44.95496 -93.09113
 44.95765 -93.09046
 44.95956 -93.09054
S621 44.95991 -93.09057
 44.96276 -93.09067
 44.96612 -93.09052
 44.96653 -93.09045
S623 44.97185 -93.08854
 44.97448 -93.08847
S624 44.97824 -93.08859
 44.97998 -93.08863
 44.98666 -93.08887
S625 44.98758 -93.08891
S626 44.9926 -93.08913
 44.99469 -93.08921
 44.99643 -93.08927
S627 45.00008 -93.08936
 45.00225 -93.0894
S628 45.00496 -93.08944
 45.00765 -93.08949
 45.01012 -93.08952
 45.01143 -93.08954
S629 45.012 -93.08957
 45.01348 -93.08957
 45.01989 -93.08961
S1963 45.02193 -93.08958
S630 45.02306 -93.08956
 45.0283 -93.08949
S1447 45.0336 -93.08766
 45.03513 -93.08457
S1453 45.03626 -93.07645
S1453 45.03626 -93.07645
 45.03685 -93.06785
S1448 45.0381 -93.06344
 45.0419 -93.06135
 45.04765 -93.0598
S1449 45.0496 -93.05904
 45.05181 -93.05824
S1485 45.05777 -93.05706
S1486 45.06445 -93.05546
S1487 45.07415 -93.05246
 45.07801 -93.05256
S1488 45.07913 -93.05263
 45.08092 -93.05269
S1489 45.08962 -93.05232
S1490 45.09423 -93.05184
S1491 45.10435 -93.04993
S1492 45.10888 -93.04918
S1493 45.11688 -93.04941
 45.12214 -93.04954
S1494 45.12503 -93.04928
S1495 45.13178 -93.04339
S1496 45.1384 -93.03799
S1497 45.14546 -93.03237
S1498 45.15472 -93.03117
 45.16234 -93.031
S1499 45.16417 -93.03102
 45.16623 -93.03079
S1500 45.17311 -93.02963
S1501 45.18514 -93.02973
S1502 45.19623 -93.02959
S1503 45.21137 -93.02888
S1504 45.21945 -93.02773
S1531 45.21125 -93.02953
S1532 45.19643 -93.03
S1533 45.18481 -93.03012
S1534 45.17314 -93.03016
 45.16623 -93.03125
S1535 45.16427 -93.03148
 45.16164 -93.03155
S1536 45.1551 -93.03165
S1537 45.14564 -93.03287
S1538 45.13844 -93.03879
S1539 45.13221 -93.04415
S1540 45.125 -93.04964
 45.12133 -93.04985
S1541 45.11696 -93.04974
S1542 45.10875 -93.0495
S1543 45.10438 -93.05026
S1544 45.09414 -93.05218
S1545 45.08938 -93.05266
 45.081 -93.05305
S1546 45.07921 -93.05293
 45.078 -93.05287
S1547 45.07421 -93.0528
S1548 45.06469 -93.05569
S1549 45.05731 -93.05746
 45.05212 -93.05847
S1462 45.04967 -93.05933
 45.04792 -93.06006
 45.04276 -93.06139
 45.04066 -93.06192
S1463 45.03824 -93.06382
S633 45.02319 -93.08987
 45.0199 -93.08991
 45.01336 -93.08988
S634 45.01198 -93.08986
 45.01144 -93.08985
 45.00997 -93.08982
 45.00805 -93.08979
S635 45.00498 -93.08975
 45.00205 -93.08971
S636 44.99809 -93.08962
 44.99626 -93.08957
 44.99409 -93.0895
S637 44.99259 -93.08944
S638 44.98757 -93.08923
 44.98666 -93.0892
 44.97969 -93.08894
S639 44.97535 -93.08882
 44.97373 -93.08875
S640 44.97183 -93.08886
 44.96658 -93.09074
 44.96282 -93.091
 44.96114 -93.09094
S642 44.95989 -93.0909
 44.9581 -93.09083
 44.95481 -93.09214
S643 44.95403 -93.09327
S644 44.94968 -93.10207
S644 44.94968 -93.10207
 44.94929 -93.10233
S845 44.94606 -93.10567
 44.94512 -93.10706
S846 44.94006 -93.11575
 44.9399 -93.11613
 44.93671 -93.12324
S847 44.93511 -93.12571
 44.93166 -93.13304
S848 44.93164 -93.1338
 44.93039 -93.14214
S849 44.92964 -93.14316
 44.92841 -93.14434
S850 44.92557 -93.1452
 44.92327 -93.14511
 44.91674 -93.14467
S851 44.91509 -93.14453
 44.91286 -93.14442
S852 44.90947 -93.1434
 44.90877 -93.14301
 44.90305 -93.13791
S853 44.90224 -93.1371
 44.89805 -93.13354
S854 44.89514 -93.13146
S855 44.8887 -93.13209
 44.88492 -93.13731
 44.88346 -93.13896
S856 44.88148 -93.14039
 44.87953 -93.14135
S857 44.8741 -93.14382
 44.86815 -93.14501
 44.86201 -93.14563
S858 44.86078 -93.14577
S858 44.86078 -93.14577
 44.85715 -93.14674
 44.85186 -93.15048
S859 44.84866 -93.15289
 44.84358 -93.15668
S888 44.84156 -93.15819
 44.83722 -93.16142
S889 44.8349 -93.16318
 44.83306 -93.1645
S890 44.82925 -93.16855
 44.82706 -93.17089
S891 44.82299 -93.17291
S892 44.8125 -93.18082
S893 44.81028 -93.1858
 44.80826 -93.18787
S894 44.80391 -93.19124
 44.80053 -93.1939
S895 44.79752 -93.19616
 44.79378 -93.19897
S896 44.7916 -93.20068
 44.78688 -93.20542
S897 44.78529 -93.20732
 44.78348 -93.20963
S898 44.78016 -93.21462
S899 44.77604 -93.2212
 44.77348 -93.22531
S900 44.76615 -93.23701
 44.7625 -93.24283
S901 44.76111 -93.24503
S902 44.75771 -93.25176
 44.75689 -93.25378
S903 44.7533 -93.26202
 44.74721 -93.2717
S904 44.74574 -93.27399
 44.7416 -93.28046
S905 44.73885 -93.28399
S911 44.7387 -93.283
S71 44.74603 -93.28299
 44.74782 -93.28358
S1600 44.75288 -93.28623
S72 44.76002 -93.28889
 44.76554 -93.28865
S32 44.76892 -93.28846
 44.76935 -93.28845
 44.77192 -93.28833
S1601 44.77228 -93.28831
 44.77478 -93.28821
 44.77588 -93.28825
S33 44.77727 -93.28827
 44.77838 -93.2883
 44.78284 -93.28842
S35 44.78417 -93.28847
 44.78662 -93.28857
S1701 44.78963 -93.28869
S1602 44.79049 -93.28872
 44.79399 -93.28886
 44.79725 -93.28919
S77 44.79818 -93.2894
S36 44.80749 -93.29098
S37 44.80981 -93.29113
 44.81019 -93.29114
 44.81498 -93.29123
S1702 44.8166 -93.29116
S38 44.81889 -93.29118
S39 44.82298 -93.29128
 44.82374 -93.29129
 44.82865 -93.29201
S1603 44.83011 -93.29273
 44.83124 -93.29334
S40 44.83389 -93.29506
 44.83507 -93.29583
 44.83806 -93.29758
 44.84256 -93.2981
S41 44.84345 -93.29819
S1703 44.8459 -93.29818
S42 44.84727 -93.29814
 44.85313 -93.29806
S43 44.85709 -93.29809
 44.85735 -93.29809
 44.85943 -93.2982
S44 44.86069 -93.29827
 44.86087 -93.29828
 44.86321 -93.29851
S34 44.86414 -93.2986
 44.86422 -93.2986
S45 44.86681 -93.29888
 44.86709 -93.2989
S46 44.87102 -93.2987
S1704 44.87478 -93.29838
S47 44.87642 -93.29794
 44.88135 -93.29591
S48 44.88241 -93.29573
 44.88411 -93.29588
S49 44.88792 -93.29581
 44.88863 -93.29544
S50 44.89026 -93.28816
 44.89026 -93.28683
S51 44.89041 -93.27683
 44.89246 -93.27481
S52 44.89477 -93.2748
S1705 44.89548 -93.2748
 44.89637 -93.27477
 44.89865 -93.27481
S53 44.90194 -93.2748
 44.90637 -93.27477
S54 44.90693 -93.27476
S1706 44.916 -93.27463
 44.91648 -93.27466
 44.9173 -93.27465
S55 44.91887 -93.27461
S56 44.9199 -93.2746
 44.92095 -93.27459
 44.92367 -93.27458
S57 44.92716 -93.27462
 44.93423 -93.27456
S58 44.93495 -93.27447
S1707 44.9356 -93.2746
S59 44.93979 -93.27461
 44.94202 -93.27472
 44.94447 -93.27466
S60 44.9464 -93.27461
S61 44.95176 -93.27332
S1708 44.95275 -93.27246
S62 44.95539 -93.27022
 44.95815 -93.26918
S63 44.9625 -93.26916
 44.96567 -93.26681
S565 44.96568 -93.26474
 44.96568 -93.26272
 44.9657 -93.25783
 44.96675 -93.25455
S566 44.96743 -93.25369
S566 44.96743 -93.25369
 44.96879 -93.25301
 44.97314 -93.25019
S567 44.97447 -93.2487
 44.97503 -93.24798
 44.98107 -93.244
S568 44.98399 -93.24197
 44.98486 -93.24121
 44.98747 -93.23752
S569 44.99116 -93.23629
 44.99628 -93.2382
S570 44.99644 -93.23823
S571 45.00199 -93.23465
 45.00207 -93.23013
S572 45.0007 -93.22349
 45.00072 -93.22237
 45.00247 -93.21551
S573 45.00515 -93.20947
 45.00578 -93.20806
 45.00709 -93.20524
S574 45.00992 -93.20027
 45.00995 -93.20012
 45.01006 -93.19921
 45.01003 -93.19171
S575 45.01167 -93.18792
 45.01545 -93.18737
 45.01546 -93.18737
S652 45.01584 -93.18749
 45.02112 -93.18935
S653 45.02218 -93.18969
 45.02431 -93.19037
S654 45.02788 -93.19084
 45.03356 -93.1908
S655 45.03716 -93.19016
 45.03869 -93.18986
S656 45.0417 -93.18926
 45.04421 -93.18906
S657 45.04845 -93.18875
 45.05494 -93.18776
S658 45.05822 -93.18713
 45.06038 -93.18675
 45.06465 -93.18614
S659 45.06595 -93.18596
S659 45.06595 -93.18596
 45.0666 -93.18589
 45.06802 -93.18574
 45.0699 -93.18552
S664 45.07241 -93.18525
S1962 45.07253 -93.18523
 45.07592 -93.18513
S1860 45.07883 -93.18536
S665 45.08168 -93.18563
 45.08235 -93.18571
 45.08776 -93.18746
S666 45.08788 -93.18749
 45.09275 -93.188
 45.09306 -93.18798
S667 45.09649 -93.188
 45.09749 -93.18802
 45.1041 -93.18812
S668 45.10537 -93.18813
 45.10727 -93.18816
 45.11008 -93.18822
S669 45.11359 -93.18825
 45.11398 -93.18826
S1861 45.11649 -93.18826
 45.12179 -93.18831
 45.12534 -93.18834
S670 45.12564 -93.18835
S1862 45.12604 -93.18831
S1863 45.13067 -93.18835
S671 45.14101 -93.18648
S1864 45.14176 -93.18598
 45.14302 -93.18489
 45.14555 -93.18215
S1865 45.14893 -93.17747
S1866 45.15468 -93.1696
 45.15703 -93.16635
S672 45.15847 -93.16442
 45.16094 -93.16105
S1555 45.16808 -93.14273
S1556 45.17255 -93.12488
 45.17877 -93.11661
S1557 45.18008 -93.11277
 45.18073 -93.11064
S1558 45.19262 -93.07256
S1559 45.19891 -93.05391
S1560 45.21438 -93.0346
S1561 45.21781 -93.03001
S1567 45.21822 -93.03071
S1568 45.21452 -93.03479
S1569 45.19907 -93.05411
S1570 45.19283 -93.07269
 45.18095 -93.11073
S1571 45.18028 -93.11287
 45.17967 -93.11473
S1572 45.17275 -93.125
S1573 45.16824 -93.14281
 45.16201 -93.16004
S677 45.15863 -93.16464
 45.15788 -93.16565
S1867 45.15482 -93.16982
S1868 45.1491 -93.17769
 45.14488 -93.18343
S1869 45.1418 -93.18634
S678 45.14114 -93.18674
 45.13881 -93.18799
S1876 45.13064 -93.18879
S1877 45.126 -93.18873
S679 45.1256 -93.18875
 45.12465 -93.18874
 45.12465 -93.18874
 45.11887 -93.18863
S1878 45.11647 -93.18861
S680 45.1147 -93.18859
 45.11427 -93.18859
 45.1073 -93.18851
S681 45.10537 -93.18848
 45.10426 -93.18848
 45.09864 -93.18841
S682 45.09651 -93.18838
 45.09588 -93.18837
 45.09267 -93.18831
S683 45.0879 -93.18779
 45.08717 -93.18761
 45.08217 -93.18602
S1879 45.07877 -93.1858
S684 45.07744 -93.1857
 45.07655 -93.18564
S1880 45.07261 -93.18554
S685 45.07251 -93.18555
 45.06985 -93.18586
 45.06761 -93.1861
 45.06667 -93.18621
S686 45.06598 -93.18629
S686 45.06598 -93.18629
 45.06426 -93.18649
 45.06046 -93.18703
S691 45.05605 -93.18789
 45.05492 -93.1881
S692 45.04851 -93.18906
 45.04365 -93.1894
S693 45.0417 -93.18961
 45.03492 -93.19092
S694 45.03369 -93.1911
 45.03299 -93.19116
S695 45.02788 -93.19115
 45.0245 -93.19075
S696 45.02208 -93.19004
 45.02156 -93.18987
S697 45.01578 -93.18804
 45.01534 -93.18789
 45.0119 -93.1883
S576 45.01181 -93.18838
 45.01029 -93.19394
 45.01032 -93.19901
S577 45.01014 -93.2004
 45.00593 -93.20842
S578 45.00302 -93.21487
 45.00246 -93.21611
 45.00104 -93.22085
S579 45.00091 -93.22346
S580 45.00273 -93.23333
 45.00128 -93.23656
 45.00099 -93.23676
S581 44.99646 -93.23853
S582 44.99115 -93.23659
 44.98892 -93.23648
 44.98509 -93.24139
S583 44.98175 -93.24397
 44.98119 -93.24429
 44.97584 -93.24739
S584 44.97472 -93.24883
 44.97326 -93.25047
 44.97056 -93.2526
S585 44.9676 -93.25392
S585 44.9676 -93.25392
 44.96613 -93.25622
 44.96584 -93.26039
S586 44.96583 -93.26461
S3 44.96214 -93.26949
 44.95652 -93.26993
S4 44.95512 -93.27083
S1709 44.95228 -93.27325
S5 44.95169 -93.27377
S6 44.94636 -93.27494
 44.94499 -93.27493
 44.94261 -93.275
S7 44.93984 -93.27498
S1710 44.93543 -93.27482
S8 44.93465 -93.27482
 44.93415 -93.27495
S9 44.92727 -93.27492
 44.92378 -93.2749
 44.92095 -93.27487
S10 44.92003 -93.27488
S11 44.91986 -93.27488
 44.9173 -93.27491
 44.91628 -93.27493
S1711 44.91595 -93.27491
S12 44.90712 -93.27501
 44.90647 -93.27502
S14 44.90227 -93.27509
 44.90129 -93.27517
S1712 44.89703 -93.27515
S15 44.89549 -93.27512
S16 44.89056 -93.27701
S17 44.89038 -93.28818
S18 44.8899 -93.29425
 44.88923 -93.29534
 44.88825 -93.29616
 44.8852 -93.29623
S19 44.88238 -93.29604
 44.8811 -93.29631
S20 44.87647 -93.29829
S1713 44.87492 -93.29863
S21 44.87106 -93.29904
S1148 44.87088 -93.29904
 44.86809 -93.29918
S22 44.86578 -93.29909
 44.86394 -93.29888
S23 44.86282 -93.29875
 44.86254 -93.29872
 44.86116 -93.29861
 44.86116 -93.29861
S13 44.85991 -93.29856
 44.85945 -93.29853
 44.85718 -93.2984
S24 44.85684 -93.2984
 44.85314 -93.29837
S25 44.84727 -93.29846
S1714 44.84604 -93.29848
S26 44.844 -93.29854
 44.84261 -93.29843
 44.83844 -93.29803
S27 44.83605 -93.29671
 44.83558 -93.29641
 44.83087 -93.29345
S1606 44.82961 -93.29278
 44.82878 -93.29237
 44.82368 -93.29159
 44.82367 -93.29159
 44.82367 -93.29159
S28 44.82255 -93.29156
S29 44.8189 -93.2915
S1715 44.8165 -93.29154
 44.81463 -93.29156
 44.81009 -93.29146
S30 44.80923 -93.29141
S31 44.80745 -93.29128
 44.79753 -93.28951
S78 44.79711 -93.28944
 44.79638 -93.2893
S1607 44.79094 -93.2891
S1716 44.78728 -93.2889
 44.78521 -93.28874
S79 44.78414 -93.2887
 44.78337 -93.28866
 44.77882 -93.28856
S80 44.77723 -93.28852
 44.77566 -93.28852
 44.77459 -93.28851
 44.77253 -93.28858
S1608 44.77197 -93.2886
 44.76926 -93.28874
S81 44.76896 -93.28875
 44.76561 -93.28892
S82 44.75999 -93.28915
S1609 44.75261 -93.2864
 44.75003 -93.28503
S265 44.74602 -93.28326
S915 44.73873 -93.28328
 45.19493 -93.5529
 45.1931 -93.54872
S1116 45.18444 -93.53815
S1117 45.17367 -93.52713
S1118 45.16112 -93.51798
S1119 45.14973 -93.50182
 45.14038 -93.49662
S1120 45.1378 -93.49447
 45.12996 -93.48761
S1121 45.12595 -93.48483
 45.12512 -93.48434
S1122 45.11537 -93.47713
 45.1146 -93.47608
 45.10899 -93.46829
 45.10739 -93.46537
 45.10515 -93.46106
 45.10515 -93.46106
S205 45.10412 -93.45973
 45.1033 -93.45873
S207 45.09991 -93.45461
 45.09432 -93.44918
S211 45.09127 -93.44562
S211 45.09127 -93.44562
 45.09054 -93.4418
 45.08932 -93.43013
S215 45.08917 -93.42906
 45.08846 -93.42418
S217 45.08649 -93.4153
 45.08478 -93.40806
S219 45.08375 -93.40459
 45.08328 -93.40312
 45.0827 -93.40131
 45.08149 -93.39767
 45.07986 -93.39253
S223 45.07877 -93.38873
 45.07863 -93.38797
S225 45.07816 -93.3786
 45.07792 -93.3721
 45.07767 -93.36791
S229 45.07616 -93.35672
S231 45.07583 -93.3432
 45.07577 -93.33625
S130 45.07574 -93.33163
 45.07572 -93.32906
S233 45.07425 -93.31939
 45.0731 -93.31516
S1842 45.07081 -93.30767
 45.07043 -93.30643
S146 45.06998 -93.3047
 45.06906 -93.30109
 45.06888 -93.30024
S235 45.06908 -93.29427
S170 45.06835 -93.28779
S170 45.06835 -93.28779
 45.06573 -93.2862
S240 45.0648 -93.28621
S242 45.05816 -93.28724
 45.05505 -93.28697
S244 45.05131 -93.2854
S135 45.04424 -93.28481
S246 45.03968 -93.28524
 45.03961 -93.28527
S248 45.03447 -93.28701
S250 45.02961 -93.2873
 45.02648 -93.28591
S136 45.02409 -93.28476
 45.0213 -93.28346
S253 45.01841 -93.28306
S255 45.00952 -93.28285
 45.00669 -93.28282
S257 45.00431 -93.28289
 45.00139 -93.2829
S137 44.99898 -93.28297
 44.99577 -93.28316
S260 44.99296 -93.28463
S138 44.9886 -93.28852
 44.98773 -93.28865
S139 44.98406 -93.28788
S1846 44.98107 -93.28758
 44.97858 -93.2876
S140 44.9768 -93.28761
S141 44.97475 -93.28761
 44.97282 -93.28777
 44.97334 -93.28779
S103 44.97006 -93.28771
S105 44.96812 -93.28801
S108 44.9646 -93.28686
 44.96463 -93.28355
 44.96475 -93.28307
S109 44.96594 -93.27855
 44.96653 -93.27281
S110 44.96621 -93.27123
 44.96547 -93.26568
S556 44.96544 -93.26478
 44.96545 -93.26327
 44.96545 -93.25692
S557 44.96565 -93.25434
 44.96575 -93.25391
 44.96584 -93.24815
S1813 44.96533 -93.24678
S465 44.96518 -93.24628
 44.96463 -93.24442
 44.96422 -93.24091
S554 44.96422 -93.23944
 44.9644 -93.22994
S466 44.96445 -93.22971
 44.9664 -93.22515
S467 44.96716 -93.22223
 44.96686 -93.22002
S775 44.96147 -93.212
 44.95967 -93.20406
S468 44.95976 -93.20303
 44.95834 -93.1984
 44.9582 -93.19809
S1814 44.95663 -93.19393
S469 44.95542 -93.19053
 44.95498 -93.18928
S776 44.95266 -93.1821
 44.95162 -93.17076
S1815 44.95158 -93.16478
S479 44.95156 -93.16256
 44.95156 -93.16196
 44.95158 -93.15975
S777 44.95162 -93.15644
 44.95161 -93.15079
S489 44.95158 -93.14367
 44.95159 -93.1419
S778 44.95161 -93.13685
 44.95163 -93.13311
S490 44.95162 -93.1236
 44.95161 -93.12235
 44.95107 -93.11582
S1816 44.95103 -93.11548
 44.95083 -93.1117
S491 44.9508 -93.11033
S499 44.95033 -93.10403
 44.95342 -93.09397
S509 44.95357 -93.09336
 44.95355 -93.09053
 44.9534 -93.08996
 44.9529 -93.08867
 44.95194 -93.08571
S779 44.9528 -93.0822
 44.9535 -93.08038
 44.95375 -93.07979
 44.95448 -93.07768
S780 44.95485 -93.07485
S781 44.95189 -93.06805
 44.95183 -93.0662
S1945 44.95173 -93.06089
S1041 44.95181 -93.05137
 44.95227 -93.04646
S1042 44.95257 -93.03933
 44.95215 -93.03452
S1946 44.95177 -93.03173
 44.95127 -93.02714
S1043 44.95121 -93.02557
 44.95119 -93.02288
 44.95143 -93.01942
S1044 44.95149 -93.01781
 44.95049 -93.00758
S1045 44.95036 -93.00649
 44.95011 -93.00442
S1046 44.94945 -92.99896
 44.94927 -92.99748
 44.94832 -92.98877
S1047 44.94834 -92.98462
 44.94838 -92.98287
S1048 44.94842 -92.97176
 44.94854 -92.96812
S1049 44.94853 -92.95678
S1049 44.94853 -92.95678
 44.94841 -92.95203
 44.94824 -92.94052
 44.94849 -92.93363
S1050 44.94859 -92.92948
 44.94862 -92.92667
 44.94836 -92.90785
S1051 44.94843 -92.90231
 44.94844 -92.89807
S1052 44.9485 -92.88363
 44.94851 -92.8679
S1053 44.94852 -92.86592
 44.94849 -92.85777
S1356 44.94845 -92.8419
S1357 44.95383 -92.79938
 44.96012 -92.77881
S1358 44.96184 -92.77247
S1359 44.96221 -92.7721
 44.96112 -92.77706
S1360 44.95411 -92.7996
S1361 44.94879 -92.8414
 44.94886 -92.85762
S1058 44.94888 -92.86587
 44.94886 -92.86786
S1059 44.94883 -92.88364
 44.949 -92.89653
S1060 44.94902 -92.90236
 44.9488 -92.90749
 44.94893 -92.9276
S1061 44.949 -92.93161
 44.94874 -92.93559
S2100 44.94867 -92.94799
S1062 44.94876 -92.95678
S1062 44.94876 -92.95678
 44.94875 -92.9684
S1063 44.94877 -92.96922
 44.94854 -92.9833
S1064 44.94855 -92.98462
 44.94855 -92.98892
 44.94932 -92.99639
S1065 44.94971 -92.99909
 44.94995 -93.00079
S1066 44.95058 -93.00641
 44.95088 -93.00895
S1067 44.95173 -93.01782
 44.95165 -93.01945
 44.95142 -93.02278
S1068 44.95144 -93.02552
 44.95151 -93.02745
S1947 44.95196 -93.03171
 44.95245 -93.0354
S1069 44.95278 -93.03929
 44.95245 -93.047
S1070 44.95201 -93.05166
S1948 44.95196 -93.06087
 44.95208 -93.06737
S792 44.95211 -93.06805
 44.95532 -93.07543
S791 44.9553 -93.07585
 44.95477 -93.07788
S790 44.95377 -93.08043
 44.95333 -93.08169
 44.9533 -93.08177
 44.95389 -93.08925
 44.95434 -93.09018
S97 44.9545 -93.09098
 44.95316 -93.09506
S500 44.95057 -93.10329
 44.95074 -93.10489
 44.95089 -93.10608
S546 44.95093 -93.11033
 44.95101 -93.11214
 44.9511 -93.11352
S1807 44.95125 -93.11545
 44.95184 -93.12312
S789 44.95187 -93.1267
 44.95185 -93.13395
S788 44.95183 -93.13689
 44.95181 -93.14197
S548 44.95177 -93.14888
 44.95179 -93.15035
 44.95186 -93.15318
S787 44.95183 -93.1564
 44.95178 -93.16205
S1808 44.9518 -93.16477
S549 44.95183 -93.16994
 44.95184 -93.17088
S786 44.95283 -93.18185
 44.9552 -93.18916
S1809 44.95674 -93.1936
S550 44.95712 -93.19464
 44.95765 -93.19611
 44.96 -93.20091
S551 44.96034 -93.20487
 44.96035 -93.20964
S785 44.96221 -93.21264
 44.96723 -93.22064
S552 44.96737 -93.22225
 44.96703 -93.22436
S555 44.96504 -93.22865
 44.96458 -93.23013
S553 44.96436 -93.23804
 44.96436 -93.23846
 44.96512 -93.24537
S561 44.9654 -93.24617
 44.96601 -93.24793
S559 44.96608 -93.25418
 44.96618 -93.25696
 44.96612 -93.25863
 44.96611 -93.2597
S560 44.96605 -93.26399
S1817 44.96605 -93.26425
 44.96605 -93.26532
S1810 44.96608 -93.26573
S76 44.96637 -93.27099
 44.96683 -93.27431
 44.96683 -93.27503
S86 44.96615 -93.27861
 44.96486 -93.28341
S89 44.96478 -93.28671
S91 44.96813 -93.28777
S93 44.97059 -93.28731
 44.97275 -93.28731
S122 44.97678 -93.28729
 44.97719 -93.28729
 44.97914 -93.28726
 44.97987 -93.28723
S1845 44.98108 -93.28729
S123 44.98409 -93.28758
S124 44.98856 -93.28821
S259 44.99285 -93.28435
 44.99401 -93.28342
S125 44.99888 -93.28266
 45.00091 -93.28261
S258 45.00429 -93.28268
 45.00563 -93.2827
S256 45.0095 -93.28266
S254 45.01835 -93.28275
 45.01984 -93.2829
S252 45.02415 -93.28437
 45.02607 -93.28538
S251 45.02967 -93.28692
S249 45.0344 -93.28659
S247 45.03961 -93.28493
 45.03982 -93.28489
S126 45.04424 -93.28448
S245 45.05142 -93.28511
 45.05407 -93.28611
S243 45.05814 -93.28702
S241 45.06443 -93.28572
 45.06481 -93.28562
 45.06494 -93.2856
S159 45.06846 -93.28752
S159 45.06846 -93.28752
S1844 45.06981 -93.29129
S236 45.06975 -93.29427
 45.06972 -93.29614
 45.06987 -93.30108
S128 45.07051 -93.30483
 45.07102 -93.30672
 45.07275 -93.31305
S234 45.07444 -93.31918
 45.07594 -93.32904
S129 45.07596 -93.33164
 45.07599 -93.3365
S232 45.07606 -93.34319
S230 45.07638 -93.3567
 45.07797 -93.36891
 45.07817 -93.37283
S226 45.07837 -93.37883
 45.07887 -93.38796
S224 45.07965 -93.3911
 45.08012 -93.39255
 45.082 -93.39837
 45.08296 -93.40139
 45.08348 -93.40298
S220 45.08395 -93.40443
 45.08454 -93.40626
S218 45.08667 -93.41508
 45.08868 -93.42411
S216 45.08942 -93.42909
 45.08973 -93.43135
 45.09171 -93.44202
S208 45.10009 -93.45441
 45.10231 -93.45711
S206 45.10434 -93.45958
 45.10681 -93.46324
S1105 45.11559 -93.47688
 45.12282 -93.48261
S1106 45.12575 -93.48437
 45.12949 -93.48685
S1107 45.13796 -93.49411
 45.13945 -93.49537
S1108 45.14989 -93.5015
S1109 45.16129 -93.51775
S1110 45.1737 -93.52682
S1111 45.18456 -93.53789
 45.19328 -93.54854
S1112 45.19547 -93.55356
S264 44.97563 -93.50177
 44.9748 -93.49817
S266 44.97102 -93.49132
 44.97086 -93.48956
 44.97087 -93.47898
S267 44.97087 -93.47491
S268 44.97085 -93.46664
S269 44.97083 -93.45459
 44.97084 -93.45147
 44.97084 -93.44697
S270 44.97082 -93.44299
 44.97088 -93.43841
S271 44.97084 -93.43139
 44.97086 -93.42989
 44.97094 -93.42038
S272 44.97114 -93.41901
 44.97169 -93.41688
S273 44.973 -93.40945
 44.97308 -93.40732
S274 44.97325 -93.40179
S275 44.9738 -93.3891
 44.97265 -93.38389
S276 44.97205 -93.38244
 44.97114 -93.37389
S277 44.97115 -93.3726
 44.97124 -93.36634
S278 44.97095 -93.36201
 44.97051 -93.35996
 44.97039 -93.35831
S279 44.97034 -93.35173
 44.97041 -93.3481
S1964 44.97047 -93.34364
S280 44.97048 -93.34354
 44.97036 -93.33713
S281 44.9703 -93.3363
 44.97004 -93.3324
S282 44.96993 -93.32773
S284 44.97017 -93.3197
 44.96994 -93.31201
S286 44.96977 -93.30786
 44.96974 -93.30577
S288 44.96946 -93.30118
 44.97073 -93.29779
 44.97388 -93.29248
S290 44.97484 -93.28936
 44.97488 -93.28898
 44.97519 -93.28518
S291 44.97527 -93.28338
S262 44.97545 -93.28342
 44.97536 -93.28432
 44.97517 -93.28705
S289 44.97497 -93.28935
 44.97367 -93.29318
 44.97054 -93.29883
S287 44.96971 -93.30132
 44.96979 -93.3049
S285 44.97002 -93.30761
 44.97016 -93.31213
S283 44.97039 -93.31963
S318 44.97019 -93.32775
 44.97039 -93.33173
S319 44.97066 -93.33617
S1965 44.97076 -93.34338
S320 44.97076 -93.34351
 44.97055 -93.34991
S321 44.97053 -93.35172
 44.97083 -93.35941
S336 44.97117 -93.36188
 44.97145 -93.36583
S337 44.97139 -93.37261
 44.97138 -93.37435
S338 44.97223 -93.38219
 44.97382 -93.38689
S339 44.97404 -93.3891
 44.97334 -93.4064
S341 44.97323 -93.40946
 44.97222 -93.41578
S342 44.97136 -93.41911
 44.97117 -93.42032
 44.97108 -93.42966
S343 44.97108 -93.43134
 44.9711 -93.43377
 44.97106 -93.44053
S344 44.97107 -93.44304
 44.97106 -93.44652
 44.97107 -93.45221
S345 44.97106 -93.45457
 44.97107 -93.45643
S346 44.97108 -93.4639
S347 44.97109 -93.47488
 44.9711 -93.4792
 44.97104 -93.48868
S348 44.97123 -93.49121
 44.97155 -93.49235
 44.97505 -93.49813
S349 44.97584 -93.50173
S209 45.09166 -93.44799
 45.0896 -93.44772
S700 45.08522 -93.44735
S701 45.07699 -93.4465
 45.0701 -93.44674
S702 45.06888 -93.4472
 45.06493 -93.44869
S1839 45.0633 -93.4493
ST403 45.05891 -93.45088
S704 45.05778 -93.45133
S705 45.0518 -93.4521
S706 45.04161 -93.45292
S707 45.03342 -93.45279
 45.03093 -93.45276
S708 45.02681 -93.45305
 45.02596 -93.45326
ST408 45.02219 -93.45445
S1840 45.02054 -93.45508
ST409 45.01488 -93.45717
 45.01403 -93.45738
S709 45.01139 -93.45744
 45.00822 -93.45743
S710 45.00561 -93.45742
 44.999 -93.45794
S711 44.99729 -93.45824
ST412 44.99502 -93.4586
 44.99475 -93.45863
S712 44.99424 -93.45871
S1841 44.99132 -93.45916
 44.98737 -93.45975
S713 44.98611 -93.4599
S714 44.98097 -93.46015
 44.97989 -93.46022
 44.9741 -93.4605
S292 44.97352 -93.46054
S293 44.96956 -93.46069
 44.96817 -93.46066
S294 44.9628 -93.46035
S295 44.95348 -93.45965
 44.9444 -93.45688
S296 44.94299 -93.45664
 44.94126 -93.45672
S297 44.93492 -93.45605
 44.92852 -93.45229
S298 44.9257 -93.4518
 44.92534 -93.45176
 44.92411 -93.45161
 44.92162 -93.4513
S299 44.91478 -93.44978
S470 44.90593 -93.44867
 44.89366 -93.44405
S471 44.8901 -93.44348
 44.88874 -93.44328
S472 44.87655 -93.43643
 44.87188 -93.43418
S473 44.87065 -93.43364
 44.86787 -93.4324
 44.86557 -93.4308
 44.8642 -93.4292
S474 44.86282 -93.42619
 44.86255 -93.42551
 44.86124 -93.42222
S475 44.85958 -93.41755
 44.85931 -93.41614
S1010 44.85911 -93.40791
 44.85913 -93.40028
 44.85914 -93.39963
S1774 44.85918 -93.39882
S733 44.85934 -93.39224
 44.85938 -93.39009
 44.85985 -93.38406
S477 44.85997 -93.38311
S478 44.86003 -93.37266
 44.8597 -93.36554
S192 44.85947 -93.36146
 44.85936 -93.35959
 44.85898 -93.35387
 44.85883 -93.35078
 44.85875 -93.34929
S194 44.85866 -93.34768
 44.85858 -93.34659
S195 44.85824 -93.34212
 44.85794 -93.33491
S196 44.85838 -93.33064
 44.85874 -93.32901
 44.86014 -93.32386
S197 44.86125 -93.31833
 44.86175 -93.31289
S198 44.86176 -93.30991
 44.86174 -93.30485
 44.86174 -93.30223
S120 44.86173 -93.30018
S200 44.86173 -93.2897
 44.86177 -93.28607
 44.86171 -93.28124
S201 44.86162 -93.27789
 44.86158 -93.27501
 44.86189 -93.27011
S202 44.86205 -93.26504
S116 44.86206 -93.25677
 44.86205 -93.25578
 44.8621 -93.25176
S1819 44.86209 -93.24927
 44.86209 -93.24829
 44.86209 -93.24681
 44.86209 -93.24314
S492 44.86207 -93.2407
 44.86204 -93.23381
 44.86204 -93.23101
S493 44.86204 -93.22904
 44.86205 -93.22699
 44.86219 -93.21976
S494 44.86261 -93.21246
 44.86257 -93.20548
S1196 44.86112 -93.1783
 44.86106 -93.16752
S1197 44.86107 -93.16541
 44.86111 -93.1592
 44.86111 -93.15713
S863 44.86262 -93.14121
S863 44.86262 -93.14121
 44.86256 -93.13392
 44.86251 -93.12907
S1198 44.86248 -93.12579
 44.86242 -93.1195
S1199 44.8624 -93.11615
S1200 44.86067 -93.10523
S1201 44.86169 -93.09306
 44.86861 -93.08459
S1202 44.87153 -93.08163
 44.87374 -93.0791
S1203 44.87514 -93.07353
 44.8749 -93.0698
S1363 44.87463 -93.05786
 44.87459 -93.05376
 44.87459 -93.04546
S1204 44.87453 -93.04352
 44.87429 -93.0368
 44.87466 -93.03445
S1205 44.87511 -93.03282
 44.87563 -93.03145
 44.88005 -93.02491
S1020 44.88117 -93.02311
 44.88212 -93.02002
 44.88345 -93.0121
S1021 44.88401 -93.00871
 44.88499 -93.00514
 44.88636 -93.00306
S1022 44.88693 -93.00248
 44.88744 -93.00204
S1023 44.88846 -93.00142
 44.88927 -93.00089
S1024 44.90497 -92.99096
 44.91164 -92.98392
S1025 44.91313 -92.98226
 44.91548 -92.9796
 44.92375 -92.97076
S1206 44.92535 -92.96901
 44.92861 -92.96551
S1207 44.93293 -92.96206
 44.93779 -92.95997
S1208 44.94001 -92.95945
 44.94031 -92.95942
 44.94611 -92.95883
S1026 44.94747 -92.95875
S1029 44.9475 -92.95914
 44.94581 -92.95921
 44.93992 -92.95983
S1181 44.93783 -92.96032
 44.93731 -92.96047
 44.92835 -92.9662
S1182 44.92765 -92.96695
 44.92605 -92.9687
S1183 44.92441 -92.97049
 44.92362 -92.97135
 44.91615 -92.97954
S1030 44.91439 -92.98147
 44.91239 -92.98378
S1031 44.90526 -92.99155
 44.89018 -93.00057
S1032 44.88934 -93.0011
S1033 44.88623 -93.00352
 44.88568 -93.00422
 44.88512 -93.00518
S1034 44.88412 -93.00876
 44.88359 -93.01214
 44.88239 -93.01927
S1035 44.88183 -93.02191
 44.88057 -93.02456
 44.87604 -93.03108
S1184 44.8753 -93.03292
 44.87508 -93.0337
 44.87459 -93.03616
S1185 44.87466 -93.04336
 44.87474 -93.0452
 44.87491 -93.05348
S1362 44.87493 -93.0582
 44.87515 -93.07027
S1186 44.87537 -93.07371
 44.87452 -93.07862
S1187 44.87172 -93.08196
 44.87017 -93.08351
S1188 44.86183 -93.09343
S1189 44.86091 -93.10517
S1190 44.86268 -93.11618
 44.86272 -93.11991
S1191 44.86278 -93.12569
 44.86281 -93.12921
 44.86285 -93.13446
S864 44.86291 -93.14131
S864 44.86291 -93.14131
 44.86291 -93.14431
 44.86222 -93.15031
 44.8613 -93.16027
S1192 44.86127 -93.16525
 44.86127 -93.1676
S1193 44.86134 -93.17822
 44.86281 -93.20546
S505 44.86282 -93.21255
 44.8626 -93.21569
 44.86227 -93.22718
S506 44.86226 -93.22903
 44.86226 -93.22979
 44.86226 -93.23086
S507 44.86226 -93.24067
 44.86228 -93.24273
 44.86227 -93.24646
 44.86226 -93.24823
S1818 44.86224 -93.24927
 44.86222 -93.25171
 44.8623 -93.2542
S115 44.86228 -93.2567
S181 44.86225 -93.26505
 44.86207 -93.27072
 44.86166 -93.27524
S182 44.86184 -93.27788
 44.86193 -93.28109
 44.862 -93.28607
S183 44.86202 -93.28817
 44.86204 -93.29075
S119 44.86203 -93.30023
 44.86204 -93.30151
 44.86205 -93.30583
S185 44.86204 -93.30975
 44.86195 -93.31278
S186 44.86148 -93.31841
 44.85998 -93.3254
S187 44.85917 -93.32824
 44.85896 -93.3291
 44.85832 -93.33287
S188 44.85848 -93.34233
 44.85879 -93.34643
 44.85898 -93.34939
 44.85906 -93.35101
S1011 44.8592 -93.3537
 44.85921 -93.35398
 44.85944 -93.35856
S191 44.85964 -93.36142
 44.85973 -93.36338
S480 44.86024 -93.37268
S481 44.86017 -93.38323
 44.86005 -93.38474
S1883 44.8596 -93.38927
 44.85951 -93.39421
S482 44.85935 -93.39967
 44.85935 -93.40323
S1009 44.85933 -93.40792
 44.85962 -93.41604
 44.85981 -93.41716
S483 44.85986 -93.41741
 44.86141 -93.42176
 44.86378 -93.42766
 44.86554 -93.43037
S484 44.86651 -93.43115
 44.8682 -93.43225
S485 44.87072 -93.43333
 44.87166 -93.43376
S486 44.87663 -93.43614
 44.88866 -93.44294
S487 44.89016 -93.44318
 44.89455 -93.44388
S488 44.90596 -93.44837
S511 44.91482 -93.44948
 44.92115 -93.45092
S512 44.92424 -93.45128
 44.92452 -93.45131
 44.92539 -93.45146
 44.92838 -93.45195
S513 44.93501 -93.45577
 44.94137 -93.45638
S514 44.943 -93.45634
 44.94437 -93.45656
S515 44.95349 -93.45934
S516 44.96283 -93.46002
 44.96815 -93.46034
S517 44.96956 -93.46038
S518 44.97352 -93.46023
 44.97419 -93.46019
 44.98002 -93.4599
S718 44.98097 -93.45985
S719 44.98609 -93.4596
 44.98664 -93.45958
S1836 44.99134 -93.4588
S720 44.99422 -93.45839
 44.99474 -93.45832
S721 44.9977 -93.45788
 44.99901 -93.45764
S722 45.00562 -93.45711
 45.00731 -93.45713
S723 45.01136 -93.45713
 45.01375 -93.4571
ST425 45.01483 -93.45689
S1837 45.02049 -93.45478
ST424 45.02215 -93.45416
 45.02555 -93.45306
S724 45.02679 -93.45274
 45.03066 -93.45244
S725 45.03345 -93.45247
S726 45.04161 -93.4526
S727 45.05176 -93.45179
S728 45.05773 -93.45101
S1838 45.06325 -93.44902
 45.0641 -93.44869
S729 45.0688 -93.44691
 45.06896 -93.44685
S730 45.07699 -93.4462
S134 45.06949 -93.2953
 45.06949 -93.29439
 45.06949 -93.29393
S142 45.06952 -93.28722
 45.06949 -93.28662
 45.06937 -93.28516
S145 45.06933 -93.28429
 45.06928 -93.28321
 45.06908 -93.27861
S149 45.06899 -93.2772
 45.06884 -93.27441
S147 45.06865 -93.26943
 45.06859 -93.26716
S163 45.06865 -93.26272
 45.06854 -93.25898
 45.06805 -93.25242
S165 45.068 -93.25168
 45.06762 -93.2483
S166 45.06704 -93.24403
 45.06686 -93.24274
S168 45.06592 -93.2355
S171 45.06492 -93.22793
 45.06442 -93.22168
S173 45.06444 -93.21797
 45.06446 -93.21472
S175 45.06452 -93.21
 45.06476 -93.20518
S177 45.06541 -93.20173
 45.0661 -93.1986
S179 45.06654 -93.19495
 45.06683 -93.19049
S184 45.06701 -93.18756
 45.06703 -93.18698
S203 45.0671 -93.18298
 45.06704 -93.18165
S1074 45.06662 -93.17278
 45.06628 -93.1679
S1075 45.06324 -93.16053
S1076 45.0618 -93.15811
 45.06112 -93.15643
 45.06037 -93.15099
S1077 45.05969 -93.14764
 45.05861 -93.14266
S1078 45.05755 -93.13785
 45.05667 -93.13391
S1079 45.05555 -93.1287
 45.05526 -93.12736
S1080 45.05244 -93.11873
S1950 45.04847 -93.11243
 45.04657 -93.10923
S1951 45.04402 -93.10479
 45.04264 -93.10239
S1450 45.04119 -93.0997
 45.03739 -93.0916
S1452 45.03533 -93.08912
S1452 45.03533 -93.08912
 45.03511 -93.08481
 45.03522 -93.08407
 45.03684 -93.06797
S1454 45.03748 -93.05951
 45.03745 -93.05673
 45.03742 -93.04816
S1455 45.03744 -93.04539
 45.03731 -93.03805
S1393 45.03711 -93.02909
 45.03709 -93.02254
S1394 45.03719 -93.01587
 45.03715 -93.01317
S1395 45.03599 -93.00085
 45.03469 -92.98918
S1396 45.03392 -92.98388
 45.03366 -92.98117
S1397 45.03278 -92.97083
S1398 45.02826 -92.96111
 45.02737 -92.96065
S1399 45.02034 -92.95951
S1400 45.00957 -92.95826
 45.00049 -92.95893
S1401 44.99892 -92.9592
 44.99457 -92.96023
S1402 44.98985 -92.96092
S1403 44.98562 -92.96058
S1404 44.98521 -92.96053
S1405 44.97816 -92.95972
S1406 44.96982 -92.95886
 44.96631 -92.95864
S1407 44.96193 -92.95861
 44.96059 -92.95862
 44.95199 -92.9589
S1028 44.95028 -92.95903
S1027 44.95028 -92.95866
 44.95238 -92.95853
 44.95915 -92.95829
S1410 44.96133 -92.95825
 44.96292 -92.95826
S1411 44.96972 -92.95849
S1412 44.97802 -92.95933
S1413 44.98466 -92.96009
S1414 44.98487 -92.96013
S1415 44.98984 -92.9606
 44.99442 -92.95991
S1416 44.9992 -92.95874
 45.00026 -92.95851
S1417 45.00958 -92.95797
S1418 45.01973 -92.95911
 45.02772 -92.96033
S1419 45.02862 -92.96091
S1421 45.03417 -92.9838
 45.0349 -92.98879
S1422 45.0363 -93.00112
 45.03742 -93.0133
S1423 45.03744 -93.01592
 45.03736 -93.02247
S1424 45.03725 -93.02797
 45.03746 -93.03681
S1456 45.03764 -93.0438
 45.03769 -93.04623
S1445 45.03783 -93.05362
 45.03788 -93.0567
S1457 45.03784 -93.06324
 45.0375 -93.06752
 45.03701 -93.07269
S1458 45.0366 -93.07602
 45.03543 -93.08526
S1459 45.03543 -93.0874
 45.0371 -93.09102
S1461 45.04284 -93.10225
 45.04382 -93.10394
S1952 45.04467 -93.1055
 45.04682 -93.10915
S1953 45.04858 -93.11231
S1083 45.05261 -93.11852
 45.05543 -93.1272
S1084 45.05576 -93.12868
 45.0563 -93.13108
S1085 45.05777 -93.13778
 45.05883 -93.14263
S1086 45.06008 -93.14835
 45.06056 -93.151
 45.06178 -93.15754
S1088 45.06343 -93.16027
 45.06617 -93.16585
S1089 45.06685 -93.17276
 45.06729 -93.18165
S204 45.06733 -93.18295
 45.06729 -93.18686
S199 45.06723 -93.18761
 45.06705 -93.19054
S180 45.06677 -93.19501
 45.06628 -93.19881
S178 45.06558 -93.20198
 45.06495 -93.20546
S176 45.06473 -93.21006
 45.06469 -93.21505
S174 45.06467 -93.21789
 45.06467 -93.2214
S172 45.06507 -93.22771
S151 45.06609 -93.23538
 45.06718 -93.24312
S153 45.06727 -93.24388
 45.06759 -93.24689
S154 45.06818 -93.25167
 45.0682 -93.25187
 45.06871 -93.25926
S156 45.06882 -93.26274
 45.06882 -93.26757
 45.06882 -93.26758
S148 45.06887 -93.26938
 45.06907 -93.27361
S158 45.06924 -93.27712
 45.06928 -93.27802
 45.06928 -93.27804
 45.06954 -93.28331
S144 45.0696 -93.28424
 45.06975 -93.28701
S143 45.06976 -93.28723
S1843 45.07 -93.2913
 45.07 -93.292
S237 45.06985 -93.29437
 45.06972 -93.29614
S375 44.86518 -93.34994
 44.86736 -93.35004
 44.87383 -93.35029
S376 44.87673 -93.35034
 44.87928 -93.35026
S377 44.88404 -93.35011
 44.88558 -93.35004
S378 44.88789 -93.34994
 44.88884 -93.34994
 44.89013 -93.34994
 44.89308 -93.34993
S379 44.89554 -93.34991
 44.89841 -93.34983
S380 44.90458 -93.34996
 44.90964 -93.35056
S381 44.91116 -93.35071
 44.91166 -93.35069
 44.91432 -93.35041
S382 44.92228 -93.34933
 44.9285 -93.34981
S383 44.92897 -93.34987
 44.93159 -93.34988
S384 44.93478 -93.34993
 44.93877 -93.34867
 44.9418 -93.34793
S386 44.94244 -93.34791
 44.94323 -93.3479
 44.94677 -93.34779
 44.95073 -93.34774
 44.9556 -93.34735
S388 44.96159 -93.34458
S389 44.96683 -93.3426
 44.97401 -93.34129
 44.97678 -93.34341
S392 44.97785 -93.34494
 44.97892 -93.34653
 44.98249 -93.34915
S393 44.98689 -93.34933
 44.98817 -93.34931
S394 44.99135 -93.34932
 44.99652 -93.34923
S395 45.00093 -93.3491
 45.00264 -93.34907
S406 45.00726 -93.34906
S930 45.01255 -93.34917
 45.01864 -93.34895
S931 45.02279 -93.34786
 45.0244 -93.34738
S932 45.0275 -93.3471
 45.02932 -93.34708
S933 45.03261 -93.3463
 45.03675 -93.34236
S934 45.03816 -93.34049
 45.03858 -93.33965
 45.04201 -93.33063
 45.04246 -93.32995
S935 45.04401 -93.32826
 45.05118 -93.32177
S1613 45.05213 -93.32061
 45.05308 -93.31891
 45.05708 -93.31157
S1614 45.05858 -93.30902
 45.06126 -93.30456
 45.06418 -93.30063
S1627 45.06949 -93.29439
S1100 45.06899 -93.29885
 45.06806 -93.29954
 45.06141 -93.30476
 45.06015 -93.30689
S1615 45.05928 -93.3083
 45.05725 -93.31177
 45.05259 -93.32028
S1616 45.05175 -93.32145
 45.05138 -93.32185
 45.05017 -93.32302
S936 45.04679 -93.32605
 45.04262 -93.33017
S937 45.041 -93.33338
 45.04085 -93.33384
 45.03877 -93.33983
S938 45.03496 -93.34464
 45.03444 -93.34519
 45.0311 -93.34728
S939 45.02966 -93.34738
 45.02896 -93.34739
S1014 45.02752 -93.34741
 45.02435 -93.34777
S1015 45.01829 -93.34927
 45.01687 -93.34935
S1016 45.01255 -93.34942
S402 45.00728 -93.34947
 45.00256 -93.34952
S397 44.9965 -93.34953
 44.99645 -93.34953
S398 44.99135 -93.34952
 44.98763 -93.34951
S403 44.98245 -93.34946
 44.98143 -93.34898
 44.97912 -93.34707
S404 44.97774 -93.34514
 44.97725 -93.34447
 44.97582 -93.34283
S405 44.97341 -93.34135
S407 44.96689 -93.34285
 44.96288 -93.34433
S408 44.96054 -93.34524
 44.95953 -93.3456
S409 44.95455 -93.34796
 44.95442 -93.34798
 44.9507 -93.34801
 44.94717 -93.34805
 44.94506 -93.34813
 44.9422 -93.34813
 44.94106 -93.3482
 44.93906 -93.34889
S412 44.93531 -93.35015
 44.9309 -93.35022
S413 44.92896 -93.35013
 44.92831 -93.3501
S414 44.9223 -93.34954
 44.91525 -93.35061
S415 44.9112 -93.35094
 44.90817 -93.35063
S416 44.90459 -93.35014
 44.89939 -93.35002
S417 44.89559 -93.35018
 44.89353 -93.35016
 44.89028 -93.35022
 44.8892 -93.35023
S418 44.88789 -93.35025
 44.88674 -93.35027
S419 44.88403 -93.35041
 44.87978 -93.3507
S420 44.8768 -93.35064
 44.87347 -93.35071
 44.86698 -93.35037
S421 44.86518 -93.35034
S495 44.86655 -93.20241
 44.86904 -93.19948
S496 44.87119 -93.19781
 44.87208 -93.1972
 44.87549 -93.19443
S497 44.87856 -93.19207
 44.88148 -93.19038
 44.88588 -93.18778
S501 44.88606 -93.18806
 44.88504 -93.18867
 44.88156 -93.19103
S502 44.87885 -93.19321
 44.87607 -93.19504
 44.8722 -93.19745
S503 44.86941 -93.19962
 44.86917 -93.19984
S504 44.86673 -93.20263
 45.20487 -93.38782
 45.20474 -93.38111
S941 45.20463 -93.38013
 45.20423 -93.37493
S942 45.20448 -93.36937
 45.2043 -93.36414
S943 45.20424 -93.36031
 45.20422 -93.35835
 45.20409 -93.35374
S944 45.20205 -93.34658
 45.19948 -93.34309
S945 45.19674 -93.33992
 45.19351 -93.33628
S946 45.19081 -93.33325
S947 45.18625 -93.32564
 45.18317 -93.31865
S948 45.18268 -93.31747
 45.18049 -93.31255
S949 45.17811 -93.30732
S950 45.1728 -93.29909
S1138 45.17267 -93.29891
S951 45.16858 -93.29281
S952 45.16251 -93.28499
 45.15507 -93.2777
S953 45.15142 -93.27402
 45.14815 -93.27127
S954 45.14491 -93.26854
S955 45.1421 -93.26166
 45.14156 -93.25938
 45.14127 -93.25825
S956 45.13884 -93.2487
 45.13629 -93.24237
S957 45.13486 -93.23907
 45.13391 -93.23568
S958 45.13295 -93.23212
 45.13217 -93.22891
S959 45.1305 -93.22376
 45.12973 -93.22201
S960 45.12557 -93.21454
 45.12501 -93.21362
S961 45.12126 -93.20814
S962 45.11733 -93.20045
 45.11649 -93.19657
S963 45.11463 -93.18897
S970 45.11755 -93.20032
S971 45.12142 -93.20791
 45.12507 -93.21316
S972 45.12577 -93.21434
 45.12844 -93.21903
S973 45.13068 -93.22359
 45.13283 -93.23062
S974 45.13317 -93.23199
S975 45.13506 -93.23894
 45.13617 -93.24169
 45.13618 -93.24171
S976 45.13897 -93.24865
 45.14123 -93.25759
S977 45.14221 -93.26164
S978 45.14498 -93.26835
 45.14514 -93.26848
 45.15031 -93.27245
S979 45.15487 -93.27714
 45.15607 -93.27832
S980 45.16263 -93.28471
S981 45.16871 -93.29255
S982 45.17296 -93.29886
S1137 45.1731 -93.29907
S983 45.17829 -93.30714
 45.18056 -93.31214
S984 45.18285 -93.31732
 45.1834 -93.3186
S985 45.18643 -93.32544
S986 45.19091 -93.33305
 45.19402 -93.33655
S987 45.19685 -93.33968
 45.19967 -93.3429
S988 45.20219 -93.34636
 45.2041 -93.35235
 45.20436 -93.35731
S989 45.2044 -93.36048
 45.20441 -93.36164
S990 45.2046 -93.36934
 45.20434 -93.37501
S991 45.20477 -93.3801
 45.20487 -93.38107
 45.20503 -93.38799
S587 45.00891 -93.20233
 45.01002 -93.19973
 45.01003 -93.19171
 45.01005 -93.19034
 45.00998 -93.18761
S590 45.01001 -93.18512
 45.01001 -93.18347
 45.01004 -93.1768
S591 45.01004 -93.17414
 45.01 -93.17233
 45.01002 -93.16964
S592 45.01003 -93.1679
 45.01003 -93.16727
 45.01006 -93.1657
 45.01004 -93.16306
 45.01011 -93.15993
S593 45.01012 -93.15926
 45.01015 -93.15835
 45.01024 -93.15128
S594 45.01038 -93.14414
 45.01036 -93.14252
S595 45.01001 -93.1366
 45.00957 -93.13195
S604 45.0094 -93.12979
S596 45.00946 -93.12388
 45.00931 -93.12217
S597 45.00818 -93.11634
 45.00749 -93.11012
S598 45.00747 -93.1045
 45.00749 -93.10326
S599 45.00923 -93.09552
S600 45.01059 -93.08787
 45.01044 -93.08542
 45.00967 -93.08108
S601 45.00951 -93.0769
 45.00952 -93.07328
S602 45.01059 -93.06563
 45.01169 -93.05775
S603 45.01169 -93.05756
 45.01169 -93.05579
 45.01165 -93.05425
 45.01159 -93.05169
 45.01159 -93.04777
S1826 45.01162 -93.04567
 45.01161 -93.044
S1827 45.01155 -93.03255
 45.01155 -93.02407
S1828 45.01157 -93.02186
 45.01157 -93.02067
 45.012 -93.00834
S1829 45.012 -93.00494
 45.01271 -92.99894
S1830 45.01712 -92.98932
 45.02856 -92.96641
S1426 45.0293 -92.9635
 45.02943 -92.96291
 45.03502 -92.95139
S1847 45.03544 -92.95018
 45.03577 -92.94821
S1848 45.0354 -92.92696
S1849 45.03548 -92.90666
S1850 45.03553 -92.89303
S1851 45.03561 -92.87092
S1852 45.03581 -92.84811
S1853 45.03624 -92.84809
S1854 45.03589 -92.87093
S1855 45.03583 -92.89302
S1856 45.03581 -92.90661
S1857 45.03571 -92.92693
 45.03604 -92.94894
S1858 45.03576 -92.95035
 45.03529 -92.95175
 45.03133 -92.95784
 45.03006 -92.9615
 45.02968 -92.9631
S1425 45.02949 -92.96391
 45.02889 -92.96633
S1831 45.01729 -92.98948
 45.01688 -92.99021
 45.0127 -93.00038
S1832 45.01227 -93.00497
 45.01225 -93.00841
 45.01175 -93.01924
S1833 45.01176 -93.02172
 45.01175 -93.02399
S1834 45.01179 -93.03257
 45.0118 -93.04419
S1835 45.01181 -93.0457
 45.01184 -93.04769
 45.01185 -93.05238
 45.01182 -93.05384
 45.01184 -93.05582
S605 45.01186 -93.05826
 45.01185 -93.0592
S606 45.01075 -93.06571
 45.00969 -93.07229
 45.00978 -93.08007
S607 45.00968 -93.07843
 45.01072 -93.08582
S608 45.01083 -93.08783
S609 45.00945 -93.09568
 45.00788 -93.10211
S610 45.00775 -93.1077
 45.00774 -93.10938
S611 45.00847 -93.1162
 45.00939 -93.12098
S589 45.00974 -93.12392
S612 45.0097 -93.12973
 45.0101 -93.13417
S613 45.01035 -93.13654
 45.01055 -93.14211
S614 45.01051 -93.14795
 45.01049 -93.14852
 45.01049 -93.15303
S615 45.01048 -93.15413
 45.01047 -93.15516
 45.01042 -93.16304
 45.01037 -93.16614
 45.01037 -93.16742
S616 45.01037 -93.16788
 45.01037 -93.17014
 45.01035 -93.17299
S617 45.01035 -93.17412
 45.01035 -93.17618
 45.01033 -93.18236
S618 45.01032 -93.18502
 45.01032 -93.18595
 45.01032 -93.18761
 44.83407 -93.05941
S1167 44.83516 -93.05931
 44.83756 -93.0594
 44.84473 -93.05942
S1168 44.8461 -93.05933
 44.85172 -93.05958
 44.86112 -93.05896
S1169 44.86257 -93.05893
 44.86545 -93.05963
 44.87003 -93.06042
S1170 44.8728 -93.06034
 44.87437 -93.06058
 44.87521 -93.06062
 44.87997 -93.06069
 44.88128 -93.06075
S1171 44.88383 -93.06219
 44.88739 -93.06545
 44.89478 -93.0661
S1172 44.89629 -93.06595
S1173 44.90322 -93.06511
 44.90487 -93.0653
 44.90902 -93.06529
S1174 44.91398 -93.06346
 44.91501 -93.06337
 44.9246 -93.06796
S1175 44.926 -93.06868
 44.92961 -93.07094
 44.93278 -93.0716
S1176 44.93432 -93.07234
S1177 44.93744 -93.07402
 44.9388 -93.0747
S1178 44.94195 -93.07652
 44.94283 -93.07709
 44.94261 -93.07727
S1151 44.94184 -93.07689
 44.9391 -93.07531
S1152 44.93744 -93.0745
S1153 44.93422 -93.07273
 44.93333 -93.07217
 44.92932 -93.07105
S1154 44.92599 -93.06917
 44.92547 -93.06886
 44.91592 -93.06374
S1155 44.91428 -93.06395
 44.90908 -93.06556
 44.90531 -93.06564
S1156 44.90336 -93.06563
S1157 44.89629 -93.06634
 44.89455 -93.06649
 44.8872 -93.06571
S1158 44.88368 -93.06262
 44.88267 -93.06165
 44.87988 -93.06096
 44.87527 -93.06096
 44.87428 -93.06081
S1159 44.87277 -93.06097
 44.86988 -93.06076
 44.86609 -93.06034
S1160 44.86216 -93.05952
 44.86111 -93.05941
 44.85229 -93.05996
S1161 44.84613 -93.05995
 44.84514 -93.05988
 44.83793 -93.05991
S1162 44.8352 -93.05992
 44.83399 -93.05987
S1163 44.8243 -93.05806
S1597 44.7194 -92.84947
S1596 44.73299 -92.85249
S1595 44.73691 -92.8525
S1594 44.74459 -92.8526
S1592 44.7511 -92.85251
S1915 44.76269 -92.85445
S1916 44.76616 -92.85844
S1917 44.77148 -92.86284
S1918 44.77876 -92.86488
S1919 44.7838 -92.87415
S1920 44.78841 -92.88142
S1921 44.79454 -92.89017
S1922 44.79923 -92.90082
 44.80399 -92.90971
S1923 44.80533 -92.91286
 44.80652 -92.91533
S1924 44.80965 -92.92149
S1925 44.81585 -92.93506
 44.81757 -92.93784
S1926 44.82005 -92.94252
S1927 44.82422 -92.94952
S1928 44.82749 -92.95579
 44.83084 -92.96159
S1929 44.83307 -92.96471
 44.83543 -92.9676
S1930 44.83816 -92.97117
 44.84878 -92.9861
S1931 44.84891 -92.98655
S1932 44.85421 -92.99325
S1933 44.86385 -92.99789
 44.86797 -92.99897
 44.87343 -93.00054
S1934 44.87456 -93.00119
S1935 44.88131 -93.00298
S1039 44.8865 -93.00344
 44.88717 -93.00363
 44.88826 -93.00419
 44.8923 -93.0071
S1936 44.89403 -93.0077
S1937 44.9014 -93.01006
S1938 44.90971 -93.01326
S1939 44.91623 -93.01509
S1940 44.92712 -93.0211
S1941 44.93369 -93.02763
S1942 44.93926 -93.03236
S1944 44.947 -93.0402
S1884 44.94695 -93.04051
S1885 44.93918 -93.03289
S1886 44.9336 -93.0279
S1887 44.92697 -93.02165
S1888 44.91629 -93.01534
S1889 44.90969 -93.01343
S1890 44.90141 -93.01039
S1891 44.894 -93.00795
 44.89227 -93.0074
 44.88818 -93.0045
S1038 44.88644 -93.00377
S1892 44.88117 -93.00357
 44.88007 -93.00307
S1893 44.87444 -93.0015
 44.87426 -93.00149
S1894 44.86387 -92.9981
S1895 44.85418 -92.99345
S1896 44.84878 -92.98677
 44.84862 -92.98644
S1898 44.83803 -92.97152
 44.83581 -92.96854
S1899 44.8326 -92.96446
 44.82884 -92.95917
S1900 44.8272 -92.95618
S1901 44.82397 -92.94983
S1902 44.81971 -92.94275
S1903 44.81561 -92.93503
S1904 44.80946 -92.92165
 44.80707 -92.91705
S1905 44.80507 -92.91294
 44.80348 -92.9092
S1906 44.79912 -92.90097
S1907 44.79433 -92.89032
S1908 44.78825 -92.88167
S1909 44.78362 -92.87437
S1910 44.7785 -92.86507
S1598 44.77149 -92.86301
S1911 44.76608 -92.85877
S1912 44.76261 -92.85463
S1599 44.76181 -92.85422
S1913 44.7546 -92.85335
S1593 44.75107 -92.8529
S920 44.76049 -93.21758
 44.76354 -93.21759
S921 44.76772 -93.21738
 44.76941 -93.21735
 44.7744 -93.21704
S922 44.77526 -93.21708
 44.77781 -93.21706
 44.7795 -93.21724
S796 44.78109 -93.21756
 44.78289 -93.21808
 44.78585 -93.21942
S797 44.792 -93.22157
 44.79488 -93.22176
 44.80043 -93.22171
S798 44.80663 -93.21993
 44.80812 -93.21925
 44.81087 -93.21903
S799 44.8134 -93.21999
 44.81478 -93.22078
 44.81563 -93.22127
 44.8193 -93.22342
S800 44.82256 -93.22533
S801 44.82773 -93.23203
S802 44.83148 -93.23642
S803 44.83573 -93.23989
 44.84124 -93.24452
S522 44.84217 -93.24531
 44.84376 -93.2465
S523 44.84951 -93.2472
 44.84975 -93.2472
S524 44.85357 -93.24714
 44.85615 -93.24709
S525 44.85835 -93.24721
 44.8615 -93.24723
 44.86265 -93.24722
S526 44.86572 -93.24727
 44.8662 -93.24727
S527 44.86885 -93.24724
S528 44.87544 -93.24692
 44.8792 -93.24682
S529 44.88197 -93.24673
 44.88664 -93.24669
 44.89086 -93.2467
 44.89306 -93.24684
S531 44.89438 -93.24692
S534 44.89437 -93.24724
 44.89274 -93.24714
 44.8865 -93.247
S536 44.88196 -93.24703
 44.88038 -93.24709
 44.87728 -93.24719
S537 44.87543 -93.24726
 44.87513 -93.24731
 44.86965 -93.24761
S538 44.86887 -93.24764
 44.86605 -93.24771
S539 44.86572 -93.2477
S540 44.85833 -93.24748
S541 44.85358 -93.24748
 44.85325 -93.24748
 44.85151 -93.24751
 44.85134 -93.24751
S542 44.84951 -93.24752
 44.84902 -93.24754
 44.84306 -93.24641
S543 44.84204 -93.24556
 44.8411 -93.24476
 44.83994 -93.24377
S807 44.83555 -93.24021
S808 44.83136 -93.23696
S809 44.82751 -93.23239
S810 44.8224 -93.22571
 44.81914 -93.2238
 44.81545 -93.22166
 44.81449 -93.22111
S811 44.8132 -93.22035
 44.80957 -93.21947
 44.80846 -93.21978
S812 44.80679 -93.22041
 44.80042 -93.22218
 44.79568 -93.22224
S813 44.79196 -93.22204
 44.78646 -93.22013
 44.78286 -93.21852
S814 44.78038 -93.21773
 44.7787 -93.21745
 44.77701 -93.21735
S927 44.77529 -93.21742
 44.77313 -93.21749
 44.7695 -93.21764
S928 44.76774 -93.21768
 44.7626 -93.21784
S929 44.7605 -93.21791
S1379 44.81528 -93.60215
 44.81661 -93.59821
S1380 44.8195 -93.58953
S1381 44.82084 -93.57596
S1382 44.82495 -93.563
S1383 44.82789 -93.55968
S1384 44.83273 -93.55435
 44.83537 -93.55141
S1385 44.83597 -93.55076
 44.83786 -93.54865
S1386 44.84083 -93.54513
 44.84396 -93.53918
S1387 44.845 -93.53537
 44.84565 -93.53086
S1388 44.84706 -93.52004
 44.84855 -93.50887
S1389 44.84902 -93.50515
 44.84957 -93.50031
S1390 44.84988 -93.4953
 44.8506 -93.48675
S841 44.85084 -93.48615
 44.85353 -93.48247
S842 44.85653 -93.47988
 44.86061 -93.47523
S843 44.86133 -93.47193
S860 44.86155 -93.46567
 44.86156 -93.46517
S862 44.86178 -93.45811
 44.86126 -93.45483
S423 44.86068 -93.45143
 44.86079 -93.44776
S424 44.86114 -93.44607
 44.86287 -93.44049
S425 44.86325 -93.43853
 44.86397 -93.43395
S305 44.86448 -93.43074
 44.86455 -93.43032
 44.86503 -93.42725
 44.86537 -93.42495
S306 44.86568 -93.42299
 44.86653 -93.41948
 44.8691 -93.41642
S307 44.87257 -93.41537
 44.87957 -93.41369
S308 44.88329 -93.41143
 44.88402 -93.41094
 44.88697 -93.40907
S310 44.88862 -93.40746
S312 44.89049 -93.39771
S359 44.88874 -93.40776
 44.88769 -93.40891
S360 44.88548 -93.41037
 44.8841 -93.4112
S361 44.88001 -93.41389
 44.87931 -93.4142
S362 44.87263 -93.4158
 44.87221 -93.41592
 44.8687 -93.417
 44.86553 -93.42553
S364 44.86512 -93.42829
 44.8651 -93.42847
 44.86454 -93.43176
 44.86399 -93.43546
S444 44.86346 -93.43862
 44.86234 -93.44332
S445 44.86143 -93.44615
 44.86091 -93.44889
S449 44.86119 -93.45345
 44.86186 -93.45704
S820 44.86199 -93.45894
 44.86196 -93.46061
S821 44.86194 -93.46148
S823 44.86158 -93.47257
 44.86118 -93.4745
S824 44.85665 -93.48009
 44.85137 -93.48578
S840 44.85043 -93.48867
 44.85028 -93.49072
S1365 44.85013 -93.49457
 44.8493 -93.50557
S1366 44.84921 -93.50615
 44.84854 -93.51131
S1367 44.84739 -93.52014
 44.84573 -93.53244
S1368 44.84525 -93.53545
 44.84491 -93.53713
S1369 44.84083 -93.54587
 44.83885 -93.54819
S1370 44.83624 -93.55103
 44.83527 -93.55212
S1371 44.83292 -93.5547
S1372 44.8277 -93.56045
S1373 44.82529 -93.56319
S1374 44.82118 -93.57575
S1375 44.81977 -93.58961
 44.81711 -93.59772
S1376 44.8156 -93.60222
S1466 44.96574 -93.20183
 44.96819 -93.2021
 44.97484 -93.20232
S1467 44.97727 -93.2027
 44.9797 -93.20323
 44.98405 -93.20352
S1468 44.98548 -93.20349
 44.98706 -93.20351
 44.98995 -93.20438
S1469 44.99163 -93.20506
S1476 44.99164 -93.20529
 44.99028 -93.20487
 44.98742 -93.20385
S1477 44.98574 -93.20381
 44.98413 -93.20384
 44.97862 -93.2033
S1478 44.97702 -93.20294
 44.97569 -93.20273
 44.96854 -93.20241
S1954 45.13791 -93.48666
S1955 45.13773 -93.47287
 45.13773 -93.47165
 45.13771 -93.46988
S1956 45.13767 -93.46169
 45.13676 -93.4551
S1957 45.13381 -93.449
 45.1303 -93.43786
S1775 45.12992 -93.43309
 45.12999 -93.42469
S1776 45.12999 -93.42213
 45.13 -93.41964
S1777 45.13006 -93.41032
S1778 45.13009 -93.40115
S1778 45.13009 -93.40115
 45.13011 -93.3944
S1779 45.13012 -93.39315
 45.1301 -93.39218
 45.13007 -93.39033
 45.12993 -93.38724
 45.12977 -93.3757
 45.12972 -93.37201
 45.12885 -93.36074
 45.1269 -93.35232
 45.1242 -93.3387
 45.12373 -93.33164
 45.12275 -93.31428
 45.12447 -93.30256
S1004 45.1302 -93.29826
 45.13755 -93.29198
S1005 45.13839 -93.29063
 45.14223 -93.28111
S1006 45.14253 -93.27964
S965 45.14246 -93.27167
 45.14243 -93.26983
 45.14234 -93.26656
S966 45.14185 -93.26189
S996 45.14271 -93.27169
 45.14272 -93.27271
S1001 45.14272 -93.27973
 45.1424 -93.28134
S1002 45.13858 -93.29077
 45.1377 -93.29219
S1003 45.13032 -93.29834
 45.12532 -93.30233
 45.12295 -93.31427
 45.12398 -93.33165
 45.1244 -93.33864
 45.12711 -93.35223
 45.12907 -93.36066
 45.12996 -93.37204
 45.13001 -93.37574
 45.13017 -93.38724
 45.13021 -93.39033
 45.13025 -93.39218
S1780 45.13026 -93.39314
 45.13029 -93.39441
S1781 45.13027 -93.40115
S1781 45.13027 -93.40115
S1782 45.13024 -93.41034
 45.1302 -93.41965
S1783 45.13019 -93.42213
 45.13017 -93.42466
S1784 45.13006 -93.43308
 45.13048 -93.43778
 45.13224 -93.44506
S1958 45.13417 -93.44883
 45.13714 -93.45506
S1959 45.13795 -93.4617
 45.13799 -93.4699
S1960 45.13798 -93.47229
 45.13803 -93.4758
S1961 45.1382 -93.48673
S1617 44.78213 -93.46814
 44.78265 -93.46397
S1618 44.78321 -93.45109
S1619 44.78315 -93.43968
 44.78321 -93.42584
S1620 44.78345 -93.42306
S1621 44.78579 -93.4138
 44.78631 -93.4124
 44.78893 -93.40674
S1611 44.78923 -93.40636
 44.79086 -93.40453
 44.80633 -93.39805
S1142 44.80742 -93.39807
 44.80986 -93.39811
 44.81672 -93.39819
S1143 44.81807 -93.39822
 44.82027 -93.39824
 44.83464 -93.3984
S1144 44.83647 -93.39842
 44.83796 -93.39846
S1145 44.8426 -93.39842
S1766 44.84618 -93.39827
 44.8548 -93.39384
S1767 44.85602 -93.39331
 44.85646 -93.39324
S734 44.85754 -93.39341
S1768 44.8606 -93.39465
 44.86183 -93.39514
S1769 44.8675 -93.39671
 44.87034 -93.39661
S427 44.87412 -93.39657
 44.87484 -93.39655
S428 44.87859 -93.39752
 44.88739 -93.39927
S429 44.88946 -93.39929
 44.88991 -93.39929
 44.89127 -93.39927
 44.89356 -93.39982
 44.89675 -93.40108
S430 44.90075 -93.40149
 44.90187 -93.40146
 44.91152 -93.40115
S431 44.915 -93.40128
 44.91546 -93.40132
 44.92409 -93.40146
S432 44.92682 -93.40001
 44.92853 -93.3989
 44.93126 -93.39744
S433 44.9323 -93.39699
S434 44.93727 -93.39637
 44.93752 -93.39635
S435 44.94132 -93.39802
 44.94156 -93.3982
 44.94392 -93.40007
S437 44.94754 -93.40048
 44.94838 -93.40048
 44.95249 -93.40056
S438 44.95311 -93.40061
 44.95401 -93.40069
 44.95767 -93.40076
S439 44.96158 -93.40067
 44.96252 -93.40068
 44.96774 -93.4006
 44.96997 -93.40051
S440 44.97223 -93.40045
S441 44.97524 -93.40037
 44.97663 -93.40032
 44.97774 -93.40029
 44.97883 -93.40036
 44.98048 -93.40047
S442 44.98172 -93.40049
 44.98262 -93.40049
 44.98387 -93.4005
S443 44.9847 -93.4005
 44.98538 -93.40052
 44.98864 -93.40055
S770 44.99423 -93.40069
 44.99496 -93.40074
S769 45.00089 -93.40091
 45.00472 -93.40091
S768 45.00852 -93.40088
 45.00992 -93.40087
S767 45.01508 -93.40081
 45.01936 -93.40077
S766 45.02355 -93.40072
 45.02409 -93.40072
 45.02969 -93.40066
S765 45.03164 -93.40063
 45.0324 -93.4006
 45.03396 -93.40063
S755 45.03559 -93.4006
 45.03628 -93.40058
 45.04192 -93.40063
S764 45.04544 -93.40066
 45.04623 -93.40068
S763 45.05123 -93.40074
 45.05363 -93.40073
S762 45.05646 -93.4007
 45.0574 -93.40069
 45.05818 -93.40071
 45.0616 -93.40067
S761 45.0654 -93.40076
 45.06777 -93.40075
S760 45.06859 -93.40083
 45.06887 -93.40087
S759 45.07511 -93.40136
 45.0791 -93.40182
S221 45.08026 -93.40188
S758 45.08538 -93.40206
 45.08625 -93.40212
 45.09177 -93.40215
S756 45.09272 -93.40216
S757 45.09699 -93.40214
 45.09821 -93.40204
S1803 45.10434 -93.39422
 45.10644 -93.39192
S1802 45.10889 -93.3918
 45.11133 -93.39156
S1801 45.11283 -93.39134
 45.12294 -93.38889
S1800 45.1233 -93.38886
 45.12791 -93.39004
 45.12924 -93.39055
S1799 45.13013 -93.39082
S1795 45.13011 -93.39114
 45.12927 -93.39093
 45.12864 -93.39068
S1796 45.1233 -93.38916
 45.12294 -93.3892
S1797 45.11122 -93.3919
 45.11046 -93.392
S1804 45.10891 -93.39213
S1805 45.10595 -93.3926
 45.10456 -93.39442
 45.09824 -93.40237
S750 45.09698 -93.40243
 45.09496 -93.4025
S751 45.09267 -93.4025
 45.09107 -93.40246
 45.08625 -93.40238
S749 45.08549 -93.40235
S222 45.08025 -93.40211
 45.08003 -93.40211
S748 45.0751 -93.40175
 45.0708 -93.40131
S747 45.07014 -93.40125
 45.06985 -93.40122
S746 45.06539 -93.40109
 45.06176 -93.40099
 45.05858 -93.401
 45.05739 -93.40101
S745 45.05645 -93.40103
 45.0547 -93.40103
S744 45.05122 -93.40104
 45.04631 -93.40099
S743 45.04283 -93.40096
 45.04199 -93.40095
 45.03634 -93.4009
S742 45.03556 -93.40093
 45.03399 -93.40093
 45.03247 -93.40095
S736 45.03165 -93.40096
 45.02963 -93.40098
 45.02466 -93.40103
S741 45.02109 -93.40108
 45.02016 -93.40108
S740 45.01513 -93.40113
 45.00919 -93.4012
S739 45.00854 -93.4012
 45.00811 -93.40121
S738 45.00088 -93.40122
 44.99548 -93.40107
S737 44.99105 -93.40091
 44.98938 -93.40085
 44.98574 -93.4008
S446 44.98471 -93.40078
 44.98388 -93.40077
 44.98253 -93.40076
S447 44.98171 -93.40075
 44.98079 -93.4007
 44.9789 -93.40066
 44.97773 -93.40068
 44.97613 -93.40071
S448 44.97528 -93.40073
S450 44.97222 -93.40079
 44.97034 -93.40074
 44.9681 -93.40077
S451 44.96159 -93.40085
 44.95395 -93.40084
S452 44.95313 -93.40079
 44.95237 -93.40071
 44.94761 -93.40062
S453 44.9449 -93.40057
 44.94462 -93.40051
 44.94207 -93.39906
 44.9388 -93.39684
S455 44.93547 -93.39694
 44.93489 -93.397
S456 44.93232 -93.39732
 44.93136 -93.39772
 44.92623 -93.40061
S457 44.92414 -93.40168
 44.92345 -93.40182
 44.91542 -93.40159
S458 44.9118 -93.4014
 44.91158 -93.40141
 44.90183 -93.40158
S459 44.90074 -93.40164
 44.89653 -93.40129
 44.89348 -93.4001
 44.89127 -93.39959
 44.89004 -93.39951
S460 44.88946 -93.39952
 44.88736 -93.39956
S461 44.87851 -93.39774
 44.876 -93.39697
S462 44.87411 -93.39686
 44.87084 -93.39687
S1770 44.86751 -93.39703
 44.86665 -93.39706
S1771 44.86076 -93.39532
S1772 44.85611 -93.39387
 44.85557 -93.3941
 44.8549 -93.39446
 44.85474 -93.39463
S1773 44.84615 -93.3988
 44.83843 -93.39873
S1147 44.83689 -93.39874
 44.8357 -93.39872
 44.81984 -93.39855
S1140 44.81786 -93.39851
 44.81714 -93.39849
 44.80906 -93.39841
S1141 44.80742 -93.39839
 44.80455 -93.39843
 44.7921 -93.40388
 44.79049 -93.40545
S1610 44.78923 -93.40674
 44.7865 -93.41255
S1622 44.786 -93.41396
 44.78444 -93.41891
S1623 44.78369 -93.42313
 44.78341 -93.42822
S1624 44.78337 -93.43972
S1625 44.78343 -93.45112
 44.78274 -93.46482
S1626 44.7824 -93.4679
S301 44.89193 -93.43339
 44.89231 -93.42476
S302 44.89235 -93.42415
 44.89255 -93.42124
 44.89279 -93.41576
S303 44.89198 -93.4128
S304 44.88926 -93.4083
 44.88921 -93.40523
 44.89006 -93.40258
 44.89038 -93.40019
 44.89032 -93.39854
S311 44.89027 -93.39764
 44.89018 -93.39627
 44.88973 -93.3912
 44.88968 -93.38947
S313 44.88958 -93.3881
 44.88901 -93.38364
 44.88766 -93.37251
S314 44.88744 -93.37057
 44.8873 -93.36653
S315 44.88863 -93.36158
 44.88975 -93.3532
 44.88966 -93.35047
 44.88929 -93.34896
 44.88806 -93.34587
S316 44.88694 -93.34285
 44.88686 -93.33629
S317 44.88685 -93.33495
 44.88685 -93.33129
S66 44.88753 -93.32675
 44.88839 -93.32526
 44.89038 -93.32162
S67 44.89067 -93.31848
 44.89065 -93.31633
 44.89069 -93.31172
S68 44.89063 -93.30732
 44.89063 -93.30549
 44.89056 -93.30325
S69 44.89027 -93.29575
S69 44.89027 -93.29575
 44.88985 -93.29187
 44.88997 -93.29087
S329 44.88998 -93.29034
 44.88993 -93.28923
 44.8899 -93.28839
 44.89009 -93.27658
S328 44.89021 -93.27616
S1717 44.89065 -93.27079
 44.89066 -93.27051
S322 44.8907 -93.26743
 44.89069 -93.2654
S323 44.89112 -93.25599
 44.89275 -93.25378
 44.8933 -93.25307
 44.89475 -93.25067
 44.89537 -93.24802
 44.89565 -93.24661
S324 44.89586 -93.24544
 44.89643 -93.24237
 44.89733 -93.23727
S325 44.89728 -93.22969
 44.89725 -93.22878
 44.89763 -93.22172
S326 44.8978 -93.2207
 44.89789 -93.22021
S327 44.89828 -93.21206
 44.8988 -93.20337
S1135 44.89876 -93.20193
 44.89898 -93.20183
S330 44.89846 -93.21209
 44.8975 -93.22361
S331 44.89747 -93.22498
 44.89748 -93.22575
 44.89749 -93.22886
S332 44.89762 -93.23531
 44.89759 -93.23685
 44.89651 -93.24321
 44.89595 -93.24631
 44.89561 -93.24792
S333 44.89536 -93.24911
 44.8951 -93.25041
S334 44.89129 -93.25619
 44.89091 -93.26532
S335 44.89091 -93.26863
 44.89077 -93.27217
S365 44.89077 -93.27308
 44.89057 -93.27935
 44.89066 -93.28614
 44.89066 -93.28808
S133 44.89066 -93.28849
 44.89066 -93.28913
S127 44.89049 -93.29588
S127 44.89049 -93.29588
 44.89056 -93.29726
 44.89077 -93.30653
S132 44.89078 -93.30729
 44.89083 -93.31176
 44.89089 -93.31667
S350 44.89088 -93.31751
 44.89057 -93.32176
 44.88828 -93.3259
S351 44.88771 -93.32693
 44.88706 -93.33142
S352 44.88704 -93.33491
 44.88704 -93.33657
S353 44.88714 -93.34275
 44.88846 -93.34622
 44.88977 -93.34969
 44.88989 -93.35053
 44.88994 -93.35486
S354 44.88883 -93.36168
 44.88758 -93.36988
S355 44.88765 -93.37049
 44.88788 -93.3725
 44.88931 -93.3836
S356 44.88952 -93.38587
 44.88989 -93.38943
 44.89042 -93.39265
 44.89077 -93.39601
S357 44.8908 -93.39626
 44.89097 -93.39856
 44.89101 -93.40051
 44.8909 -93.40215
 44.89032 -93.40575
S366 44.89017 -93.40702
S367 44.8922 -93.41278
 44.89305 -93.41673
S368 44.89257 -93.42419
 44.89252 -93.42478
S369 44.89215 -93.43335
